161 1 99.1 85.2 83.36 81.97 72.3 70.4 80.7 0.0
161 2 80.2 87.8 84.27 83.03 86.2 84.7 79.4 0.0
161 3 84.3 75.9 85.87 89.02 83.2 82.4 80.7 0.0
161 4 86.5 84.9 85.01 83.22 84.3 85.1 83.8 0.0
161 5 80.8 90.7 81.52 85.42 87.1 82.4 80.2 0.0
161 6 91.4 83.4 79.95 90.98 88.7 74.3 78.3 0.0
161 7 99.5 88.3 85.01 10.34 60.6 18.7 50.8 0.0
161 8 81.2 86.4 85.67 84.81 70.9 82.9 80.2 0.0
161 9 84.1 91.3 81.09 87.33 75.3 78.2 77.9 0.0
161 10 83.5 88.3 82.15 90.56 84.3 79.3 82.4 0.0
161 11 77.3 78.3 74.37 80.45 74.1 68.7 69.3 0.0
161 12 73.5 74.8 71.26 69.34 50.4 67.9 64.3 0.0
161 13 40.6 56.7 48.23 67.83 66.1 35.6 50.7 0.0
161 14 62.1 60.5 57.46 73.44 56.8 69.3 59.3 0.0
161 15 80.2 84.3 83.36 84.27 72.3 86.2 82.7 0.0
161 16 86.5 80.8 87.87 85.01 83.2 84.3 83.3 0.0
161 17 91.4 99.5 81.52 79.95 87.1 88.7 92.4 0.0
161 18 81.2 84.1 85.01 82.67 65.8 70.8 82.8 0.0
161 19 87.8 85.2 81.09 74.97 75.3 70.4 76.3 0.0
161 20 75.9 84.9 83.03 87.02 84.4 82.8 78.9 0.0
161 21 90.7 83.4 85.42 90.98 85.1 82.4 84.3 0.0
161 22 88.3 85.6 90.34 84.81 74.3 68.7 75.4 0.0
161 23 86.4 81.2 84.27 87.10 82.9 78.2 59.3 0.0
161 24 84.1 91.3 88.91 89.33 80.7 77.9 80.7 0.0
161 25 85.2 83.4 78.91 84.12 79.4 83.8 85.4 0.0
